,>mouse_xist_repeat_A,>mouse_xist_repeat_B,>mouse_xist_repeat_C,>human_xist_repeat_D,>mouse_xist_repeat_E,>koala_rsx_rep1,>koala_rsx_rep2,>koala_rsx_rep3,>koala_rsx_rep4
>mouse_xist_repeat_A,1.000000000000001,0.14073013962802589,0.11928791487977879,0.007584572107009004,0.16532380306341257,-0.048789982052977916,0.08514298804581746,-0.04134056885994296,0.1805927900020571
>mouse_xist_repeat_B,0.14073013962802589,1.0000000000000007,0.20700721743681222,0.14262556828581852,-0.09084281098513154,0.2666073529863844,-0.08905594698328596,-0.11983562927816843,-0.11471012457798174
>mouse_xist_repeat_C,0.11928791487977879,0.20700721743681222,1.0000000000000004,0.20307349776466935,0.02296260783243076,0.00040510416818609996,-0.11148942678964903,-0.00909043339425937,-0.08109304427803694
>human_xist_repeat_D,0.007584572107009004,0.14262556828581852,0.20307349776466935,0.9999999999999996,0.16118780621851678,0.14625611671598987,-0.02478062419517527,-0.021698001721076287,0.08786825045161999
>mouse_xist_repeat_E,0.16532380306341257,-0.09084281098513154,0.02296260783243076,0.16118780621851678,0.9999999999999993,-0.11798179853568742,0.14789674782871565,0.26735446327091145,0.29436043970549386
>koala_rsx_rep1,-0.048789982052977916,0.2666073529863844,0.00040510416818609996,0.14625611671598987,-0.11798179853568742,0.9999999999999989,-0.07034527349024168,-0.09037459321732622,-0.21593681135024245
>koala_rsx_rep2,0.08514298804581746,-0.08905594698328596,-0.11148942678964903,-0.02478062419517527,0.14789674782871565,-0.07034527349024168,1.0000000000000004,0.24247657286141167,0.15237003638626004
>koala_rsx_rep3,-0.04134056885994296,-0.11983562927816843,-0.00909043339425937,-0.021698001721076287,0.26735446327091145,-0.09037459321732622,0.24247657286141167,1.0000000000000007,0.31288266500032336
>koala_rsx_rep4,0.18059279000205705,-0.1147101245779818,-0.08109304427803696,0.08786825045161999,0.2943604397054938,-0.21593681135024229,0.15237003638626007,0.31288266500032347,1.000000000000001
