,>mouse_xist_repeat_A,>mouse_xist_repeat_B,>mouse_xist_repeat_C,>human_xist_repeat_D,>mouse_xist_repeat_E,>koala_rsx_rep1,>koala_rsx_rep2,>koala_rsx_rep3,>koala_rsx_rep4
>mouse_xist_repeat_A,0.9999999999999999,0.20784119422022512,0.0730602598953239,0.058622909608879066,0.290912695156836,-0.021541779234348097,0.08442568496365557,-0.07775142287126185,0.21052590332492865
>mouse_xist_repeat_B,0.20784119422022512,0.9999999999999999,0.25445755155842403,0.12240479761135817,-0.06976622262677812,0.3253808097938905,-0.12212457363023849,-0.09300621394077584,-0.11433358839571964
>mouse_xist_repeat_C,0.0730602598953239,0.25445755155842403,0.9999999999999996,0.1956510488155629,0.07129708215354652,0.03860020361735975,-0.12285490307277991,0.014068203338633586,-0.06895354446041588
>human_xist_repeat_D,0.058622909608879066,0.12240479761135817,0.1956510488155629,1.0000000000000007,0.19623721913529607,0.19365825602702166,-0.013809881563707075,-0.022761125074983735,0.11276353649961
>mouse_xist_repeat_E,0.290912695156836,-0.06976622262677812,0.07129708215354652,0.19623721913529607,1.0000000000000004,-0.16314214745951217,0.1451147248826338,0.24972693394293918,0.3983168690573032
>koala_rsx_rep1,-0.021541779234348097,0.3253808097938905,0.03860020361735975,0.19365825602702166,-0.16314214745951217,0.9999999999999998,-0.1124990756209579,-0.07921424874772112,-0.2738175801237014
>koala_rsx_rep2,0.08442568496365557,-0.12212457363023849,-0.12285490307277991,-0.013809881563707075,0.1451147248826338,-0.1124990756209579,0.9999999999999996,0.2538881571973053,0.1908248283889528
>koala_rsx_rep3,-0.07775142287126185,-0.09300621394077584,0.014068203338633586,-0.022761125074983735,0.24972693394293918,-0.07921424874772112,0.2538881571973053,1.0000000000000004,0.3651775789345134
>koala_rsx_rep4,0.21052590332492854,-0.1143335883957197,-0.0689535444604159,0.11276353649961,0.3983168690573031,-0.2738175801237015,0.19082482838895282,0.3651775789345134,0.9999999999999994
