,>mouse_xist_repeat_A,>mouse_xist_repeat_B,>mouse_xist_repeat_C,>human_xist_repeat_D,>mouse_xist_repeat_E,>koala_rsx_rep1,>koala_rsx_rep2,>koala_rsx_rep3,>koala_rsx_rep4
>mouse_xist_repeat_A,1.0,0.20558753315640366,0.08045139112264096,0.09020491280791276,0.3423954235686481,-0.013077140264776787,0.03962934590509059,-0.10252962051134584,0.24986032974667285
>mouse_xist_repeat_B,0.20558753315640366,1.0000000000000007,0.27293204564121565,0.10379788418694877,-0.018013228313489997,0.33583310778334835,-0.15265670760077862,-0.06775829422466306,-0.07830131268901061
>mouse_xist_repeat_C,0.08045139112264096,0.27293204564121565,0.9999999999999999,0.19732919504528215,0.15085632330146262,0.059791717325839114,-0.0803390924700953,0.07644811298709786,0.015430011579316963
>human_xist_repeat_D,0.09020491280791276,0.10379788418694877,0.19732919504528215,1.0,0.23600679415131454,0.2001452201979261,-0.007947944942409444,-0.02501298491753791,0.15074811614727404
>mouse_xist_repeat_E,0.3423954235686481,-0.018013228313489997,0.15085632330146262,0.23600679415131454,0.9999999999999996,-0.1631649157096196,0.13562315984163947,0.2202361579818189,0.43143565576048964
>koala_rsx_rep1,-0.013077140264776787,0.33583310778334835,0.059791717325839114,0.2001452201979261,-0.1631649157096196,0.9999999999999999,-0.1414046952741416,-0.07041105803404153,-0.27206820417556316
>koala_rsx_rep2,0.03962934590509059,-0.15265670760077862,-0.0803390924700953,-0.007947944942409444,0.13562315984163947,-0.1414046952741416,0.9999999999999993,0.3168751717463719,0.24003332980468164
>koala_rsx_rep3,-0.10252962051134584,-0.06775829422466306,0.07644811298709786,-0.02501298491753791,0.2202361579818189,-0.07041105803404153,0.3168751717463719,1.000000000000001,0.3610076262423328
>koala_rsx_rep4,0.24986032974667283,-0.07830131268901064,0.015430011579317116,0.150748116147274,0.43143565576048926,-0.2720682041755633,0.24003332980468173,0.361007626242333,1.0
